348 60
207 414
263 311
306 315
81 352
299 237
477 201
83 86
124 349
493 149
26 358
214 200
466 471
205 476
265 44
161 179
110 100
286 181
445 369
192 294
385 104
54 282
234 207
212 456
343 508
29 146
208 10
437 312
107 92
384 25
48 439
314 488
135 72
355 504
395 59
434 204
320 267
478 365
47 455
301 427
505 80
261 467
256 390
198 341
14 120
417 320
308 285
300 38
351 30
500 385
173 317
405 195
223 423
236 125
252 21
82 156
162 177
464 214
189 170
34 380
0 226
503 354
169 97
387 331
91 189
163 425
353 302
138 381
465 197
346 332
399 363
209 384
32 108
413 303
114 134
340 396
201 299
329 171
375 490
359 468
40 121
248 4
292 55
330 7
245 497
244 163
7 326
279 109
511 90
448 408
88 229
386 64
28 157
251 113
227 98
166 246
204 347
62 499
94 123
467 328
16 457
435 410
157 477
481 313
20 141
328 489
268 155
412 28
72 443
87 491
145 16
316 233
425 394
93 429
361 74
136 339
479 244
389 236
388 220
195 256
44 305
80 306
257 399
98 148
494 8
53 484
510 325
274 291
210 400
230 283
296 227
499 364
196 459
378 445
74 203
341 32
182 115
168 342
254 67
231 345
262 483
104 160
367 216
229 296
243 304
424 110
25 289
324 357
123 337
9 263
177 478
304 420
283 437
271 356
298 480
106 321
55 182
92 102
471 310
167 247
141 218
335 15
372 56
85 65
439 343
228 322
315 95
421 159
446 137
397 62
58 245
77 262
406 253
235 50
381 239
475 379
216 242
56 150
309 316
15 442
476 361
17 188
156 136
352 290
280 450
188 323
416 462
488 266
181 185
64 58
336 330
260 428
392 19
407 409
213 346
51 119
293 132
68 272
334 43
313 301
11 241
6 76
259 217
134 416
35 96
220 13
470 279
22 1
440 26
496 71
215 128
489 419
266 23
438 194
57 11
281 210
142 176
202 440
160 383
321 485
118 205
462 448
401 252
391 52
376 359
379 436
60 292
130 94
295 165
90 143
345 129
420 139
374 371
111 351
357 22
452 173
117 53
5 275
344 307
174 481
264 469
200 372
176 281
469 144
116 85
170 84
95 273
159 319
504 81
272 493
291 458
307 93
222 54
172 274
349 138
461 407
119 42
347 122
506 432
457 202
323 191
354 41
171 140
149 2
472 240
468 14
187 212
36 368
393 106
278 286
429 387
288 153
197 249
246 340
253 127
237 393
342 441
442 482
396 269
206 87
365 184
242 215
21 327
129 152
394 298
46 473
269 17
311 511
368 271
146 492
183 378
127 250
226 82
433 196
19 460
380 228
143 130
427 451
284 154
76 5
450 47
199 39
66 348
73 422
144 151
120 463
121 3
238 251
419 46
453 178
158 413
2 287
27 386
103 199
454 31
3 166
178 111
50 382
484 421
247 505
45 36
155 219
165 353
185 260
455 147
126 367
86 461
282 374
99 105
423 77
190 83
63 355
69 509
404 446
490 198
382 161
360 190
148 401
400 453
115 498
273 75
43 135
137 276
164 24
415 238
139 230
194 69
96 257
302 0
8 254
369 495
233 48
4 183
322 66
61 261
331 33
153 479
147 234
10 360
224 79
358 336
180 114
449 412
70 388
131 418
37 280
426 487
325 142
267 288
18 350
491 486
232 449
241 162
390 402
327 232
411 78
383 224
432 398
290 133
175 225
59 295
67 174
317 335
218 376
71 29
49 20
312 91
270 63
363 118
497 117
42 373
451 223
444 192
275 268
112 284
460 34
75 278
507 169
377 447
122 70
128 338
337 222
373 415
485 494
431 333
430 51
436 172
255 193
89 417
193 464
101 510
508 375
362 107
310 73
1 431
402 344
203 186
408 45
364 430
211 308
151 231
318 167
303 470
52 329
509 145
65 112
474 366
39 297
191 502
113 270
418 405
414 404
258 377
459 293
473 35
463 101
225 406
152 27
456 213
30 164
217 208
276 452
179 277
108 472
495 392
133 18
333 168
398 501
221 89
371 362
184 300
297 391
441 235
338 309
501 314
38 324
23 438
100 259
250 466
132 433
294 395
326 255
186 221
305 435
409 57
480 68
458 12
41 99
79 265
240 243
422 206
12 158
443 264
285 434
487 426
482 175
13 180
102 6
150 37
356 116
154 465
239 103
277 475
140 503
125 318
219 403
370 506
366 474
31 187
105 211
78 334
109 370
289 500
249 9
403 124
350 444
498 209
84 389
339 496
97 131
492 49
447 454
428 507
483 61
33 248
319 40
486 258
502 397
24 411
332 424
410 126
287 88
