0 0 0 1275183187 789855538 1082049381 0 0 0 0 524434645 0 269547325 0 188617641 112337676 0 0 2145739184 0 0 0 0 0 0 0 2101090899 
0 0 0 0 0 0 0 0 1337597129 0 0 0 0 0 0 0 0 0 0 0 2071395137 477934815 881726019 0 0 0 0 
825657040 591270648 0 0 517303431 0 0 1573242388 0 0 160038969 1343994356 0 1976368580 1339925619 0 0 1841511100 673731428 0 0 0 0 0 0 0 0 
1648525837 0 0 0 0 0 0 678322663 0 0 0 1322567614 205271082 0 1482606584 0 693521083 0 0 234116695 0 0 907848123 0 0 893893060 0 
0 803849487 0 0 0 628621171 0 1786801945 0 0 2112594615 0 0 1619274621 0 0 1824545703 692507231 0 0 1386028314 0 1968034904 0 1827477303 0 0 
0 0 0 0 0 0 0 1444138789 235660061 363943565 0 0 891623107 474977187 0 2097625313 0 1459363946 1028505903 0 0 0 0 0 959557800 0 0 
432219161 0 0 0 95887256 1449288464 0 423473458 0 2017899576 0 2005167064 106075989 522739417 127488683 2128537995 1414362525 0 0 0 1031940203 1280507618 245526445 0 0 0 762238790 
0 0 0 0 0 0 0 0 432997114 0 0 856470573 0 0 1015266425 533164655 1939701001 1538005843 0 1920755348 804884720 0 0 0 0 0 267431707 
0 0 0 0 0 0 0 2150060 0 400113909 814798208 1952012152 833111024 0 0 0 1604732411 0 0 0 0 2095370217 0 0 0 1914185964 613783377 
774676551 0 0 1042108258 0 0 0 0 2114688468 0 0 0 1922147879 0 0 0 1302405029 0 0 844502978 1170653024 0 0 0 1899421930 1349753922 1812133199 
0 2102525212 1578835515 0 729718115 0 0 0 2145963086 1211908069 0 0 1179112889 599152240 0 1148467769 373816471 0 0 0 0 0 0 0 521710846 1953265155 0 
0 0 0 0 329026076 0 778778707 1714115740 0 0 0 0 0 0 61248952 127543575 536481788 0 201379154 0 1034217663 0 1470086767 0 442559704 0 139682751 
0 1342855435 0 782051298 878149075 0 0 0 0 0 0 0 0 0 1839270341 0 1104167720 1196639239 0 1231711295 0 0 0 0 0 0 593190056 
0 0 0 610564071 1457788893 0 0 92356543 0 59212377 0 1565947774 2038906149 0 0 0 0 0 1129535058 0 0 178690650 0 0 1911811677 1732278057 0 
1034914966 0 0 0 0 1233407680 894956019 0 0 0 0 636069468 0 0 0 0 0 0 0 0 0 0 0 0 0 1255047885 0 
0 1019375914 213884558 0 0 1429817065 0 0 969147245 0 0 1119041495 279776156 0 0 0 0 0 0 748096179 0 0 1286929717 0 986718367 934894335 2122352255 
0 0 1229916492 1109541044 2102431269 101808759 0 0 8615992 0 494493583 0 1574906264 230556814 1825912874 0 0 1465476305 0 0 0 0 704225805 550686577 0 1248566375 0 
0 87801095 0 0 0 1421184736 1869029241 0 0 1970838000 0 0 0 0 0 1375498591 0 0 0 0 0 0 0 0 0 0 0 
725197451 1942134320 0 0 0 0 0 0 0 0 0 0 1690190525 0 432487399 0 0 1891981406 0 1850376442 631414382 128743786 0 2064795118 0 0 0 
24211653 0 1751038298 0 0 0 0 296295861 0 1335583489 0 0 0 0 0 962778925 1193417986 0 0 0 0 1139764082 139818253 0 1771178465 0 0 
0 705692285 185933409 0 0 0 0 1045422805 0 0 0 1666446996 0 0 0 929610840 0 0 556788045 140753243 0 0 1536019567 0 1571835320 0 0 
2019690677 0 1769769986 0 0 0 1262816409 808644139 1057882562 0 0 0 1974669266 1645244829 0 0 0 0 0 0 0 0 0 0 0 0 1505331910 
1326776787 0 0 680501086 0 0 302787424 11494018 0 0 1274310427 0 0 1878828558 0 1644470330 0 0 206140012 0 0 0 0 1439530818 0 1814537402 0 
0 1779924496 0 12444501 0 0 0 0 0 0 0 0 0 0 0 0 0 0 0 0 608941234 1693206199 0 0 583378206 0 0 
0 0 434602881 0 0 67043729 0 0 0 0 0 0 1146810132 0 0 1191565500 0 0 0 1590006649 0 0 0 0 0 0 1987765035 
1536120317 1846922274 0 0 0 1579175279 0 0 0 0 1863381855 0 0 0 0 0 0 227236103 0 0 0 0 0 0 0 0 0 
1984395157 0 1885979325 0 0 0 0 0 1160281954 0 660188410 0 774347678 0 0 1804370429 854630938 1406626907 0 0 1235400380 544384387 1278362997 0 0 238812331 0 
