0 0 0 0 0 1996823475 0 1323856199 0 321091763 0 0 0 1858611579 1032519689 0 1442041223 260521723 1517611974 0 894461021 1777291208 0 0 0 0 692614429 141474083 0 0 0 1163981015 0 1608583442 0 0 1457923269 0 1022269591 0 0 0 662222555 1494011869 0 1694742244 1670780049 1659068295 0 1040908375 0 702241340 0 0 292471865 2137693425 0 985086294 0 0 1457249243 0 0 0 
0 0 7844870 227249738 0 0 0 0 0 0 0 0 644213582 266432555 0 0 0 575239550 1154235242 1978056867 713381362 1446707107 1968266644 1711741481 0 2099950505 0 0 0 719896193 0 0 1656459578 0 0 0 941466157 839485817 0 0 0 0 2083036786 0 0 0 885164638 0 0 2039399880 0 0 0 0 0 0 1684872707 539401886 0 0 0 1120515266 1123069886 0 
0 1527823272 0 0 219825441 1047429710 0 8782596 0 0 0 180930912 0 0 114496898 919511541 0 0 0 410173896 1611041953 1166400822 0 0 0 0 0 0 0 1069583489 1585891149 0 449923113 721697218 0 669748555 0 0 678531151 1176349138 0 1120484485 0 0 0 1471776949 1244229205 0 0 357572822 0 813971357 0 0 0 0 770098383 1908915972 0 845761782 831015813 0 1953292142 1280938926 
2060014565 739188325 0 0 0 481734985 710523335 0 0 2067803386 0 1902338279 0 0 1274007644 595026091 0 0 0 17080264 0 0 1099372969 0 0 851799166 0 1816364307 0 2144986167 0 2102647430 0 753023419 1636821627 417620935 0 0 0 0 120181053 317963399 444348857 0 0 1718356502 0 0 0 1368817632 0 0 0 210540698 695973511 1430598649 0 887667536 0 0 885170055 0 0 1621860900 
0 549474491 0 1889597071 0 0 0 869516859 1489136746 0 0 2090117590 446829361 0 1184205055 1073553121 1562948767 295372784 0 2008198922 505913482 0 1291313924 1568253347 0 0 0 0 0 1585878941 71815448 0 2135353433 0 0 0 0 973684571 0 0 0 0 0 0 0 0 0 1450629657 1898851862 1498650653 0 257281697 0 455175207 1825535044 35519397 0 0 632957592 0 0 704773040 0 1777542552 
0 38166396 0 0 1011850967 0 132730092 714008397 0 0 862995188 0 7999546 0 858363600 0 0 0 0 1759953362 0 1842184502 1795472759 1175884883 0 0 0 0 985719744 1515583983 0 0 0 1685490848 0 0 0 1443126525 1132126096 1032047201 0 1995121285 0 0 0 0 1762497948 0 0 0 0 0 0 0 0 1372342941 0 0 0 0 66282149 83769446 1256339242 1620032528 
1769260294 0 2038150227 0 0 0 0 0 870430313 0 1565672084 0 1756260235 0 0 0 812350143 565887859 0 0 1048737880 0 0 0 0 0 0 0 0 523423021 1642616082 2129630532 0 0 1115917678 0 0 0 0 0 1592367516 0 1935141405 1201144103 818986670 0 2130290317 1631336814 0 0 0 1133310446 1967842193 0 798361403 0 1410226412 0 0 1770596649 588868202 0 0 0 
0 0 41629554 0 0 0 367788646 0 0 0 0 0 0 0 0 0 0 1972933096 0 719378081 959075068 1690375525 496038031 0 0 295281536 0 0 0 0 0 417316076 171368283 0 1653566367 0 2032119470 0 0 0 0 1533601591 503705870 1850932527 0 0 1609636203 0 0 354166678 1341296141 0 0 0 1712929745 0 0 0 0 0 1008051298 1431349388 2139589259 1179419581 
1054243806 0 0 0 1519543343 0 723557139 0 0 0 1252309991 1347377953 1933850406 0 1969296013 318403602 0 0 0 0 852959030 1374961611 471083394 0 785338542 173684270 412880626 0 1605033658 404986238 0 0 0 0 1450673445 1422717912 1974937416 26746937 0 0 0 2076405367 0 1040376705 0 0 0 1712013490 0 1020812173 530217622 0 0 0 0 1033628679 0 1593195473 0 0 0 0 0 0 
1241436578 447518912 0 1068890347 0 0 0 0 0 0 0 0 1498807265 1979949160 0 0 0 520255720 1330295745 0 0 363126944 0 0 1956322417 0 1181593673 0 0 0 1560893111 0 0 0 0 0 443202278 560807899 0 225326269 0 0 0 937298914 1134650413 640872623 0 0 1161128343 1108183001 0 0 1471309945 0 1084259807 0 0 0 0 0 0 0 0 0 
943095017 927643238 0 0 0 556523324 0 926942786 0 114974441 0 0 755847064 1642128956 0 0 602828310 0 304693191 2074138255 0 1388952998 0 0 0 2146488868 0 1804131801 0 74351568 579415176 0 1001994806 454922452 534008895 0 1011445776 0 0 0 0 986663135 0 868970317 0 107381138 638462077 1084136753 0 0 0 0 0 0 0 0 0 1340524782 1348595601 0 0 0 0 0 
0 102936980 0 0 101085792 1882254887 1969565711 0 0 1390627408 0 0 0 0 139395923 0 517313059 0 0 0 0 943904955 0 0 0 1594997079 1710631061 0 1375524209 1279559146 0 1610973791 0 0 710385501 0 20847346 532467564 0 0 0 0 1945024538 1273619871 0 2084420462 212373975 724957529 0 0 1426895207 0 93835436 0 0 0 0 0 0 348850676 0 1456330268 0 0 
0 522726320 863170654 0 1055193885 0 358051793 0 0 155592684 0 0 0 0 1979566648 1179653596 1466729537 0 0 0 0 0 0 1905601359 1653962821 0 0 0 0 0 1178127813 0 0 2041298468 2093489887 1497229413 307292790 0 0 1354257439 459650717 0 461382910 552180215 0 0 0 1773537352 0 0 1186618677 189751714 1565404593 0 0 1071883767 0 0 722939197 0 0 0 1175014306 0 
0 0 0 2102174621 0 0 1308948412 0 0 0 289425863 390779511 0 0 0 0 797718556 0 1658509419 0 2033933422 0 1287523269 0 1661216659 2010462466 0 0 0 2015706921 0 0 0 0 0 0 0 0 0 0 0 293510261 91221392 0 0 0 0 0 1311506500 1046544485 0 0 0 0 1193870748 19172693 183662785 0 0 0 1902786636 0 1211668976 0 
1228589852 0 1011385557 0 957920061 1015469955 0 1108367484 1308980216 0 0 1476266503 744777919 0 0 0 0 0 0 2115147727 1795116012 153144145 0 0 0 0 1779003763 0 0 0 540073655 0 1273509404 0 978654694 83945817 419445519 1524156613 0 0 13396277 0 0 758174196 0 1350996290 666974967 245346104 0 1773732012 213010183 325577052 0 199846955 156872202 0 0 1935875965 1762626866 746224906 0 0 0 0 
0 0 0 0 0 0 0 0 0 0 0 2036946138 0 526209015 134808594 0 152457379 347818778 0 0 0 0 0 241402186 769087538 0 987627092 1400668947 0 1867446655 1158276111 0 0 0 1207140395 666100840 2033695376 0 0 1140036158 0 0 1029498648 0 0 1164307243 1702056323 0 0 0 236911022 2059791754 1359090916 0 0 0 0 0 0 1024296757 0 392156217 0 0 
1391985310 0 0 0 0 0 270749549 1315201812 0 0 371528521 504514037 317071792 2073584844 809575171 1829197813 0 1046486193 0 1663587808 0 0 0 0 0 0 1414146989 0 0 1519462536 2042624353 0 0 0 1793017639 0 0 0 0 1930921379 1216531738 0 0 0 0 0 0 0 2144013133 809339968 0 0 0 0 1421243192 1446142483 0 687906533 0 0 0 944169884 0 744320251 
0 0 0 0 0 1144293546 0 0 0 0 0 0 250625681 0 0 0 0 0 0 0 1068067546 552307669 0 0 1240214203 861097794 0 0 1805267678 659673287 0 1455449470 0 0 0 0 0 0 0 0 0 0 0 953513755 0 407153268 0 0 0 0 85363850 996929247 0 0 0 0 0 0 0 0 0 0 1871763760 0 
283707872 0 1515518152 0 1811228157 0 0 366632583 226110365 0 1320146339 0 1138954509 0 0 0 0 0 0 1589106080 0 0 0 155007833 0 0 0 0 0 295602235 0 5297004 0 1690203552 0 220785568 1447694371 487478725 0 0 0 0 0 0 0 929213185 1278567036 0 0 1195828845 0 0 1307641986 1845977602 2127227350 0 0 551065825 0 115348389 0 889251281 0 0 
0 0 0 1879665556 1151322937 64429191 1405986645 223119254 1971993681 0 0 0 0 0 0 0 760782315 1076499853 0 0 0 1935985973 0 0 0 0 1284101454 1186236211 0 0 0 0 0 0 1900412928 0 0 0 0 1955895595 0 0 0 1488715307 1294373153 562734390 0 2055155468 1639234244 0 0 266744403 0 0 1435497468 1409567161 0 572115274 0 0 1976862121 0 0 0 
810254130 0 822916232 0 0 0 602567990 0 0 0 456131324 0 931636816 1928869385 0 0 0 0 0 2132881432 0 2125629284 0 0 0 1843284669 0 0 586582429 19638010 130125269 1396836559 0 0 0 0 0 0 0 0 1014979371 943134354 1324233286 1946616187 0 2079196482 0 0 515288502 0 0 1059919316 0 1020281595 265130182 1441058315 716082616 0 1820697700 1302665045 2034302592 0 0 0 
0 0 0 1680404511 0 2083563538 9862774 0 0 0 0 0 0 0 1243653203 0 0 868969853 693533065 1934201243 1889251448 0 0 0 0 0 0 712663126 0 165049770 0 1460710106 760576681 0 0 0 0 1003493743 0 0 0 0 0 0 0 0 0 0 475397712 0 0 0 0 0 0 0 0 0 0 0 0 0 831740057 0 
1013615223 0 1068371084 1188408594 0 0 0 0 0 605190866 0 906976797 211618725 0 1953161293 0 0 638579736 0 0 551774090 1579197879 0 0 0 0 736988357 0 0 0 1386533683 0 0 0 1586576192 0 0 1681508754 0 0 0 0 1003277962 0 0 808955607 1037851135 858908747 1447535344 1942033086 0 0 0 0 1217784192 0 1739695693 0 1266368780 0 0 0 0 475149462 
0 961508211 0 4944959 0 907663273 101246123 0 0 0 0 0 1913479693 0 404890648 0 0 0 0 1044248230 0 135657719 2137757522 0 0 1256642654 167120786 1318963937 0 0 1794113399 0 0 0 432362714 999094334 0 0 1633843624 0 1638132923 0 2095520150 0 0 352927150 0 0 968510057 0 0 0 0 0 0 0 162077460 0 785618513 1924138929 0 0 204073036 0 
0 0 0 1144496497 0 160232367 0 0 0 0 0 0 0 387515894 0 0 1923049779 0 0 0 966547503 0 0 0 0 0 0 1497620258 0 1109353281 0 318336183 1745789032 0 1462832680 0 0 861900130 0 491195754 0 1346383022 1471267522 0 1733898917 0 577576344 0 0 0 0 0 0 0 0 246479492 0 1088850104 0 0 50719737 769014417 0 1796508769 
0 0 417375094 326820899 0 0 0 1962083489 0 141800527 1871118674 631733575 464052519 0 2141198623 699933560 1966499604 802454110 0 0 0 0 0 0 0 0 760830939 0 0 189177535 727043280 966487364 0 0 0 0 843353658 0 0 1888671965 0 224187436 0 0 0 366636868 0 0 0 1024506332 0 1546212885 0 0 0 0 93717484 0 0 592403374 0 1647830860 0 932431402 
0 704715354 1618383971 1488119245 0 0 0 0 0 1602229454 0 0 0 0 0 0 0 0 389202889 306014295 0 0 148783717 0 0 0 0 0 569918509 0 0 0 0 0 0 983806673 0 0 1758005093 0 0 954414180 97704260 0 1420451143 0 0 0 0 292948629 0 0 1731701283 0 0 685867345 0 0 1639591646 0 1388995656 0 0 1704245705 
587836080 0 540568730 0 0 0 1293010123 0 1105504356 0 122623856 378471851 406388737 26369596 1141982642 718507471 319318225 64024080 0 2051019509 0 2122966308 0 1422729335 0 0 0 0 1459774906 0 552217686 0 95911157 1092786417 0 0 0 961998654 0 201897300 205229390 0 580369152 611618127 1424235085 0 0 1743553311 0 0 0 0 0 89008730 0 0 0 0 0 0 0 0 1530422180 41018658 
0 0 0 0 13925718 1382150156 0 0 0 0 0 0 0 0 1652836746 1041097036 0 0 0 0 0 11309293 897148834 1411970936 0 0 0 138448238 0 0 0 1857906468 0 286375419 0 0 1668525575 0 1710212201 0 1682313561 393501789 0 0 0 1715694107 0 146607065 0 1792970257 1735538364 1962103731 0 485203550 0 1997620288 1686025548 0 0 1595254748 251610165 0 0 0 
454427193 0 0 2122952769 1916147497 635043537 129043046 0 0 0 240528485 0 0 0 0 0 0 1170124083 0 0 0 0 1371079398 0 0 0 0 1747474366 0 0 0 1982143245 1861005154 253563594 1957612366 0 0 2086655412 0 0 0 0 0 2038666687 1244867848 0 0 961531055 1809840913 667330316 0 0 41821367 0 364070783 1537685569 0 0 0 298482596 0 0 0 0 
572488491 2090754559 1252832 0 0 0 0 0 0 288411894 2052181535 0 928128724 0 0 590485989 0 354528622 1908170887 985796206 0 0 0 831364731 0 0 1129847328 1936015409 0 0 0 257604156 1206260433 0 0 0 1243267669 0 0 0 1090392456 0 0 0 0 0 0 80051558 0 0 1065847764 0 0 0 0 0 0 0 0 0 0 0 750756479 684574607 
0 0 0 0 1123953172 0 34612537 66861980 1734927869 0 2085383161 0 577947537 399423036 951056146 1213912888 621633798 2016903911 0 0 0 0 0 0 0 0 464971489 0 990612718 0 0 0 0 0 0 514170103 1875456928 1738368218 0 1462901149 2034879027 0 0 0 0 1137478236 0 0 0 1294764935 0 0 143235038 659664523 0 0 0 0 0 1067320737 1823199631 1713240502 0 0 
0 1349143134 0 0 940027704 0 0 0 0 0 0 1598421330 0 824538157 0 0 0 1352033479 110588723 115054482 0 0 0 0 860560557 0 0 536276540 0 0 0 0 0 1329796119 381291241 0 0 0 0 0 0 0 1621935600 1161391273 0 0 0 0 0 0 0 1681625899 1464976608 1149003197 1622548272 178053517 0 483307734 714330058 0 1136938298 0 2124675089 992228348 
0 0 0 0 0 0 0 577264869 0 487749425 1738656142 0 0 692471484 0 0 1904359196 424752953 157197638 1221852156 0 1779745910 0 0 0 0 273508529 1252508294 0 250699970 0 0 609182652 0 0 1105549114 1000118744 0 0 0 0 0 0 0 0 0 0 0 1529436397 0 0 0 0 0 1192142192 0 16876129 0 711727458 300167725 0 0 82311306 0 
546295903 854238090 0 0 491978700 0 282392581 0 0 494274698 0 0 1598958142 0 1487739801 980910892 961662433 0 1936619792 0 188082217 0 1912014411 0 0 0 0 2015796103 1285238674 587437377 46362152 0 1441675468 0 0 0 0 0 0 0 0 0 0 0 0 0 292034595 0 1336942701 0 0 0 1062449076 0 0 1361894486 0 87625688 0 0 0 0 0 0 
0 0 1902909054 0 0 0 0 1987575672 111306533 118536036 1298699375 0 1317520566 0 1330520117 0 1671904710 0 2032004538 586870138 1739066450 1614504154 0 0 0 1031487918 0 229709260 160573364 0 198964145 0 0 0 0 0 0 0 0 0 0 0 0 0 417086935 0 0 2088991645 0 0 0 1965731854 634457921 0 2120111425 189104115 0 0 0 1521720395 0 617777521 0 0 
0 1073929162 904224496 685621286 413809465 579361733 910382034 0 1553198345 301483066 648162709 0 0 0 1911793277 0 951033000 0 1068017826 1585490921 0 0 0 0 0 0 0 2082781635 663702285 0 1004477271 1235869357 0 0 1921490644 0 0 0 0 1893778198 985872096 0 1716579830 2008976313 995826255 0 1111262285 1946859255 0 0 1384866528 248440455 0 0 84450717 0 0 0 0 1721604966 646284904 732938428 809990675 0 
0 0 1616159753 0 1268386701 32744066 0 106775150 0 150127133 0 93317344 1631016592 0 0 0 0 1277559480 1505550625 0 142053749 1590001342 0 0 0 0 0 1530983974 290847738 0 307817922 785004286 0 0 0 1288969148 0 0 1395744298 0 203415123 1364012113 1147530175 1834431715 0 1040223126 0 0 0 0 0 312352707 0 0 1512309137 0 0 0 0 0 1722971661 320660226 1906879602 1743554108 
0 0 0 0 1432424631 0 0 1635839754 0 0 0 1793370938 0 0 1053272421 0 0 0 0 166130533 0 848351989 0 0 987255226 0 0 0 0 1187392358 0 0 419045351 1043853308 0 1851469983 0 0 0 0 2053778532 0 0 0 634492674 0 2078343510 0 0 0 0 0 115254702 0 1356815486 0 678414512 0 1665253168 0 0 1824066868 886035202 96282303 
0 0 0 0 0 1140094728 0 1870494910 0 0 630180980 0 0 0 0 1104217566 0 0 0 0 0 1364243804 0 0 0 0 481261617 1678808998 0 1367296819 1775091302 0 0 0 0 0 0 987692641 0 0 0 1408278639 0 966267637 0 0 0 1797263036 1689002202 0 1740461294 0 0 0 0 1148762076 0 0 680087427 1442224468 206890252 307695081 255238276 0 
0 965842178 352863021 303542394 0 0 0 0 0 0 62486122 0 0 0 2010854540 0 0 1603832187 0 0 0 0 0 0 0 0 591938734 0 1199652165 847177010 0 0 0 0 0 1619070360 1573239621 0 0 0 0 777774967 0 0 763262644 0 1488496768 679180195 0 580353266 0 0 178025229 0 743054865 0 0 0 0 2045766684 0 0 0 0 
0 2072272508 1319292862 1511864402 0 0 1329376046 0 0 1360479194 0 0 1254953235 0 0 0 1465530495 0 0 1643555724 0 0 258846348 0 0 0 400674983 0 1309605757 0 0 0 0 0 0 554296321 923497968 0 0 1588370994 1154982886 0 0 0 0 0 868228288 0 530975229 0 0 0 0 0 0 0 0 1090319587 1713630815 347565394 0 0 0 1335987915 
0 0 0 0 2002910918 0 0 1010410157 1321685511 0 1272862630 1620903607 0 0 1238168550 765409269 913468325 0 952661926 0 0 1642306531 0 0 0 1743426800 1256697615 0 0 705009900 0 1346335137 0 0 442003580 621360749 1601109467 1126043017 0 0 0 0 0 766055863 0 0 1531465132 0 0 336643410 2144758847 0 1978949941 0 0 416608764 1770497985 0 0 0 0 0 1996030489 903900263 
822897791 0 0 0 1416593439 0 0 1948215262 0 0 0 0 0 0 0 330904183 0 0 1892998528 118878665 2058543538 0 0 1681557876 0 0 183769580 1787665116 696205481 0 0 0 0 2069342744 0 0 0 699978177 0 550621877 2000544408 0 920593547 0 0 0 0 0 0 0 0 0 0 852043155 136429877 0 418815669 320199457 0 1115021150 0 0 0 675382722 
247057022 0 267359357 1178464388 0 0 1729086266 687822947 0 0 0 1677311670 1309503219 0 0 0 0 0 0 0 0 592100857 1206446862 0 912300314 0 0 1264816193 1312760983 769097910 1940198916 0 903881920 0 0 0 0 172401363 0 1487189214 674597529 0 0 1984100748 0 744522320 1837416078 0 0 145603409 661999963 0 0 1868446825 0 1650004581 708526234 0 767337126 0 0 0 0 0 
0 2024420320 0 340269252 0 0 0 0 0 0 560552664 0 0 0 0 82613857 0 1418253321 0 1133792770 1139216499 0 0 0 0 0 0 1362715072 0 1007684229 2022791469 0 884620901 126544676 0 0 0 0 1657894501 499351087 1153582724 0 0 447613452 321448612 0 530227309 0 0 150044611 0 0 0 0 0 81021941 0 0 1443737013 1560030349 0 1319044834 0 0 
0 625509146 630974662 0 1082099814 0 0 0 0 0 0 0 0 1066039651 0 1919880838 0 0 0 1838069256 1295340944 828401278 0 891668068 780595520 0 304214769 0 386905749 0 1437489717 0 0 0 0 1860717028 62366246 94104301 1948915918 0 0 0 0 293700347 1403284264 2059847688 0 0 867545042 0 162470487 15402338 0 2081561684 0 2125364027 0 1211285176 0 1536328348 0 1008360440 1221339960 2143010456 
929341171 0 1856243836 0 955326674 0 0 0 0 0 0 0 0 0 0 707361058 1891450946 0 722763396 1088735805 0 1629833803 1066616184 0 0 0 209938391 0 0 0 2053555382 0 0 0 0 0 0 0 0 0 465803316 0 0 305619332 0 0 1012980391 0 0 0 0 1355053154 1218093942 0 0 0 894054733 238601588 1822274199 0 1669879939 1728345934 0 0 
0 0 0 468202239 630403287 0 0 0 0 0 0 370283706 0 0 0 1145533904 0 0 0 0 0 381766607 0 959557388 620368195 0 0 142764486 0 24615479 0 0 0 0 1904955320 0 0 1345619013 0 0 0 0 1549673249 471617338 0 0 0 0 0 0 0 0 0 0 0 824905806 0 0 0 0 0 777848145 0 200942742 
0 637669869 0 0 0 0 1701527033 845270731 0 1103716634 0 0 0 0 0 0 0 178645039 850607320 813864280 0 0 1638770086 0 1765434821 0 0 0 1236804876 0 0 0 1474468717 0 967241834 0 0 0 0 0 1625001853 0 2047818265 0 2111504768 0 0 0 0 0 1387212069 0 0 0 0 1584254504 0 1743948305 0 0 0 0 871880811 0 
0 1839122645 1070522527 0 212924216 0 329788328 0 256049018 0 0 220070139 162384386 0 0 273290865 0 33146349 0 0 0 1187346993 0 0 0 505370956 0 0 0 0 0 0 0 2047846258 0 0 0 0 0 0 0 0 0 0 990900486 0 1824812400 954199910 0 0 0 0 264675084 0 0 0 0 0 0 8117469 928590253 0 0 0 
0 0 0 0 0 25651976 1062222301 0 1313781386 369803983 0 157198224 0 0 1111398135 0 0 1847717152 1650740368 0 0 650663982 150754396 116022421 178980511 0 0 1107570764 1364234616 0 980590092 0 0 0 0 0 0 1101964966 1967516489 0 1471768949 0 1507594296 0 0 0 0 648309284 171742288 0 0 0 0 0 0 732939661 0 0 1840510425 0 1787974889 0 0 1639349187 
0 1786656816 0 0 0 600517023 0 0 503485597 1431700985 0 0 0 0 0 0 163845946 565604886 0 717805096 466936227 1845344024 0 0 0 0 0 0 1817388404 0 1045047890 0 1410102480 1825532073 1075678600 0 278565448 999785289 0 0 0 0 948769703 0 0 0 2114680804 354089458 181918882 0 0 0 0 375155663 0 0 1518927197 0 0 1188831953 0 0 0 0 
0 471511240 0 1739762291 0 0 0 0 0 0 0 388908588 0 0 742998046 1121332270 1484075398 0 0 0 0 0 0 1561491813 0 0 602840118 0 0 0 1200596997 1923666430 470183999 1400388938 0 1941480529 0 0 1549296037 0 0 1196840292 109451298 2005303896 811581704 852449344 0 148173455 519858297 0 1051959568 562422912 0 0 0 0 1967468676 579271196 0 0 0 0 58637398 0 
892241846 1574582472 0 0 0 0 0 0 0 0 0 0 1096562831 0 253049028 0 1674609466 1305008597 0 0 0 0 0 0 587062666 0 400628451 0 0 459265849 65650928 1294652969 0 0 1708772449 0 0 0 0 0 2087548125 1533119404 549882430 1036627308 458388971 802931459 0 2132998437 0 536925182 1023155909 0 544716652 1494974564 0 1131779319 0 0 0 0 1236713351 0 1955113223 1123078024 
0 0 0 0 0 0 0 0 0 0 0 0 0 0 1448390860 1885235478 0 324063121 0 0 0 0 0 0 1150663599 0 0 239893302 0 397692998 0 0 1914095023 0 79522619 0 0 0 0 2018158759 0 0 0 0 0 0 0 1656636449 958521517 0 0 0 0 0 559678724 0 365866114 1149742147 0 1343185073 0 0 0 1314046520 
1658860701 1375271988 145527262 0 0 129425495 395723824 0 154884880 0 1055758739 0 0 196657756 236623007 0 0 1374543583 0 991949627 978043958 0 1653125386 0 0 0 539611498 0 523267538 0 0 0 0 0 0 0 208251176 0 0 363136056 537208487 0 0 0 0 1327229269 0 1033923569 0 0 0 1532333163 0 1531514935 0 0 0 1268371086 0 314009625 0 0 0 0 
1800794644 0 0 0 1863764650 1261892466 0 253489489 0 0 0 170206913 495050113 0 1204130482 1049339318 0 1082520030 434188833 2028437235 466551317 0 0 0 283835859 0 0 0 0 0 0 0 1828304767 0 1780917609 1544585769 1040746060 0 0 0 1173436682 657539342 1828673785 1668486795 0 0 0 0 1967840649 0 1551989168 0 19996072 0 544201723 0 0 0 1543916096 0 0 0 741902164 0 
287284071 0 0 0 0 763976850 0 0 0 0 927908145 719265484 0 0 0 0 355298260 0 1512789432 0 2102200688 0 679126264 0 1025012259 0 0 912990609 0 0 0 0 745971638 1595175317 51819743 979439954 0 0 0 1633184712 0 1166769449 0 0 517536411 447783964 1894958168 0 0 1260263952 0 0 0 1927255268 0 0 2002813980 0 0 0 0 0 1310592781 0 
0 1362412525 0 1101440946 0 0 0 0 1838938124 0 0 0 0 0 0 1334999424 1046130446 0 0 68418257 0 93350280 0 1965056517 0 1076009006 0 0 0 0 0 0 782414049 0 214335841 0 0 801477852 257490944 0 1593586410 295882919 0 0 0 0 2020994709 0 1010075268 0 1196298117 972317804 1351684706 1312016445 0 1929778898 0 1046783064 0 0 0 2103109900 0 0 
0 0 2137374662 0 739856508 0 0 185959270 0 0 0 0 0 0 0 94370753 0 0 1066688557 0 0 1856579231 990296353 206783221 755878647 58581572 0 0 0 0 324378224 1290482479 0 0 0 0 0 923002903 0 0 1327177684 130639297 0 0 876104915 0 505843922 0 0 0 0 0 1281628062 0 0 0 841816691 0 1112686296 0 0 0 0 0 
1751333758 0 0 0 0 334258398 0 366327200 0 0 777800369 1341002610 0 1283644291 0 30287158 0 0 0 1990321185 0 0 1880344246 0 1129206515 0 0 504218441 0 51495062 0 1886461526 0 0 0 1501758487 0 0 1868085687 86829081 2027760664 0 0 0 1782046699 0 2098769140 343256174 0 0 0 1574765161 86064804 2066437957 0 0 764501204 0 1719489761 0 875179140 0 638606850 0 
0 0 0 0 0 265181343 0 0 0 355854237 0 0 0 0 0 634793558 1407923352 0 62075072 1493988157 0 833287434 561775828 0 1656971512 0 363097526 384667004 65371033 1001704376 1574971468 0 1544790411 0 0 1115289364 0 0 0 0 0 2085323284 0 1266813212 0 2140381998 1901606770 0 0 0 0 0 0 577103121 1230314590 0 710885063 0 0 776256096 447632844 0 0 1992423255 
0 334199435 960228971 180443908 0 1526294304 0 0 1464133940 0 359532429 0 0 0 0 1346064889 2077337394 0 0 0 0 48258219 0 0 1641670335 1281953364 1325944081 0 0 0 0 1196277123 1721032726 0 0 0 0 0 0 0 0 708816580 167482429 1268954862 0 0 0 0 823038385 0 1331665252 0 1481221600 2069978119 1211529292 975408288 1204447835 389989725 0 310045868 0 0 1506322991 0 
